360.98
46.98
304.8
99.48
367.0
29.58
306.15
157.7
142.4
162.05
112.5
29.0
123.78
340.64
130.74
305.25
286.35
222.04
294.9
277.8
199.4
16.82
144.95
117.4
348.65
207.32
167.9
140.6
127.35
288.6
176.45
187.25
185.9
129.15
126.1
130.74
193.55
23.78
272.85
249.36
19.72
200.2
192.65
226.1
18.56
80.24
297.15
121.05
223.78
158.9
282.3
245.82
115.5
286.8
246.4
202.55
296.25
179.6
16.24
346.28
21.46
137.12
155.1
177.46
288.6
238.28
166.55
279.15
296.7
298.5
160.25
267.92
28.42
305.25
132.48
262.5
42.92
199.4
191.3
112.76
133.64
133.06
134.8
46.4
272.37
292.2
129.6
147.56
177.47
163.85
193.98
168.35
260.25
116.1
178.7
217.98
255.25
223.56
233.06
183.65
892.1
1393.9
956.81
1621.9
1284.7
791.25
1322.27
1447.61
909.78
1294.5
880.02
1335.85
1412.88
1486.47
1456.4
1308.85
935.14
872.69
1203.48
893.53
1607.02
1549.2
994.22
1253.93
909.03
1542.0
834.2
905.5
776.15
897.4
1366.9
1058.34
1142.14
949.29
1296.86
787.55
1104.39
1365.51
1342.6
1032.64
886.77
1083.87
1216.51
864.14
1146.15
1363.36
1513.65
1493.85
987.17
1368.25
962.92
1433.5
1110.6
1434.6
1267.63
1032.02
1281.44
1171.93
811.88
871.07
1255.28
679.38
1209.09
1003.28
1382.2
1347.38
811.13
842.5
1609.92
527.51
754.6
1044.44
954.8
1146.07
1233.02
1355.02
1518.68
883.12
755.18
909.48
1473.23
1217.42
1058.36
1623.34
1170.28
1038.1
934.16
989.79
993.38
1435.36
1379.95
1284.45
1088.2
735.41
663.27
1221.58
1121.57
679.88
695.52
994.83
1820.9
1470.7
1546.85
1299.65
1243.57
1900.42
1145.07
1227.59
1418.82
1639.05
1667.11
1402.29
1473.02
1098.2
1766.04
1668.62
1556.47
1269.71
1777.73
1511.91
887.73
1361.89
1984.0
1568.16
1631.38
1412.65
1459.47
1660.05
1102.81
1575.63
920.23
1681.7
1097.47
1401.75
1208.41
1793.6
1016.66
1354.69
1602.16
1437.85
1145.62
1220.35
802.47
1638.95
1703.0
1672.7
1902.62
1787.37
1472.12
1708.93
1248.12
1038.69
1658.2
1492.21
1571.15
1337.44
1209.8
1118.45
1526.92
1218.16
1467.12
1446.07
1810.04
1137.44
1606.41
1816.4
1662.86
1446.07
1459.35
1806.4
1587.72
1734.15
1584.43
1322.41
1114.43
1047.05
1843.63
1400.03
1640.35
934.51
1660.56
1365.5
1435.25
1609.82
1360.88
1654.28
1885.36
1294.35
1626.45
1419.0
1736.95
1527.41
1987.16
1940.2
1026.13
1272.72
1062.46
1857.72
1479.5
1523.53
1353.28
1119.76
1271.34
1012.95
1060.64
911.68
857.85
1160.26
1223.48
1508.66
1076.72
1017.47
1163.52
1116.4
1153.06
974.15
1168.83
624.87
1083.08
900.5
1483.5
920.62
793.25
1248.22
1321.23
1070.22
1333.98
1589.27
943.98
1098.03
529.12
630.84
627.6
1699.91
786.45
929.67
732.0
585.02
1116.97
1206.42
733.78
910.64
795.25
1334.2
1014.2
796.98
1340.89
584.56
957.68
1247.12
1629.07
1183.93
614.8
1242.76
526.75
775.12
1083.87
1193.39
527.2
739.0
744.83
1079.03
1722.61
1201.86
557.21
1579.26
1441.33
955.64
803.75
1089.35
1117.0
1054.32
1201.83
1167.28
785.65
1245.3
1101.8
541.6
772.45
1226.53
892.58
1151.3
1250.38
405.95
1320.19
817.13
1697.31
534.03
736.67
1340.74
590.4
1129.53
866.53
1061.61
1639.69
1270.56
1246.1
787.65
1270.48
1615.13
1063.04
646.44
1220.7
1286.35
704.0
483.05
1041.2
1058.44
711.36
1378.2
600.4
802.85
797.24
1089.3
1038.2
809.27
1236.29
578.0
1450.3
528.77
1178.85
488.9
908.74
1047.6
958.54
1001.44
1328.9
908.69
523.19
1477.5
560.84
799.25
1174.7
1151.69
780.0
1479.07
945.69
790.85
634.09
769.25
1155.9
919.0
559.85
609.39
757.33
1363.1
518.94
1034.64
1241.19
724.42
ERROR
ERROR
ERROR
ERROR
ERROR
ERROR
ERROR
ERROR
ERROR
ERROR
ERROR
ERROR
ERROR
ERROR
ERROR
ERROR
ERROR
ERROR
ERROR
ERROR
ERROR
ERROR
ERROR
ERROR
ERROR
ERROR
ERROR
ERROR
ERROR
ERROR
ERROR
ERROR
ERROR
ERROR
ERROR
ERROR
ERROR
ERROR
ERROR
ERROR
ERROR
ERROR
ERROR
ERROR
ERROR
ERROR
ERROR
ERROR
ERROR
ERROR
ERROR
ERROR
ERROR
ERROR
ERROR
ERROR
ERROR
ERROR
ERROR
ERROR
ERROR
ERROR
ERROR
ERROR
ERROR
ERROR
ERROR
ERROR
ERROR
ERROR
ERROR
ERROR
ERROR
ERROR
ERROR
ERROR
ERROR
ERROR
ERROR
ERROR
ERROR
ERROR
ERROR
ERROR
ERROR
ERROR
ERROR
ERROR
ERROR
ERROR
ERROR
ERROR
ERROR
ERROR
ERROR
ERROR
ERROR
ERROR
ERROR
ERROR
ERROR
ERROR
ERROR
ERROR
ERROR
ERROR
ERROR
ERROR
ERROR
ERROR
1051.26
ERROR
ERROR
ERROR
ERROR
ERROR
ERROR
ERROR
ERROR
ERROR
ERROR
ERROR
ERROR
ERROR
ERROR
ERROR
ERROR
ERROR
ERROR
ERROR
ERROR
ERROR
ERROR
ERROR
ERROR
ERROR
ERROR
ERROR
ERROR
ERROR
ERROR
ERROR
ERROR
ERROR
ERROR
ERROR
ERROR
ERROR
ERROR
ERROR
ERROR
ERROR
ERROR
ERROR
ERROR
ERROR
ERROR
ERROR
ERROR
ERROR
ERROR
ERROR
ERROR
ERROR
ERROR
ERROR
ERROR
ERROR
ERROR
ERROR
ERROR
ERROR
ERROR
ERROR
ERROR
ERROR
ERROR
ERROR
ERROR
ERROR
ERROR
ERROR
ERROR
ERROR
ERROR
ERROR
ERROR
ERROR
ERROR
ERROR
ERROR
ERROR
ERROR
ERROR
ERROR
ERROR
ERROR
ERROR
ERROR
ERROR
1754.36
1741.06
1971.88
1869.87
1983.43
1752.04
1922.34
1905.47
1773.7
1862.38
1648.32
1859.77
1578.63
1916.7
1764.45
1661.53
1603.6
1924.1
1574.04
1719.53
1656.3
1546.52
1719.06
1845.5
1921.04
2031.97
1723.46
1889.31
1866.3
1819.41
1719.94
1841.57
1858.48
1892.73
1788.55
1715.66
1887.59
1688.24
1896.88
1875.1
1485.61
1675.92
1865.5
1460.01
1520.98
1786.52
1791.85
1716.92
2039.44
1585.33
1920.84
1659.15
1808.09
1786.95
1716.29
1760.21
1824.63
1829.46
1906.75
1784.85
2022.17
1812.61
1977.83
1631.96
1852.59
1780.04
1879.75
1961.5
1790.81
1892.62
2019.97
1734.21
1793.28
1907.48
1802.47
1908.61
1728.31
1788.74
1689.21
1897.21
1704.28
1664.64
1845.54
1873.14
1774.1
1761.14
1722.59
1670.87
1871.54
1805.1
1918.93
1808.3
2014.18
1566.65
1950.95
1542.28
1740.86
1763.31
1822.5
1661.68
1508.78
1286.73
757.74
1707.22
1261.45
888.18
1406.72
1475.8
679.5
1247.72
1956.75
1650.35
1789.8
1820.23
1441.59
1973.82
1631.1
1855.04
1848.12
1446.08
1546.47
1957.0
1696.35
1872.04
1531.11
1555.74
1597.1
1058.68
1967.65
1549.29
1852.12
1563.35
1716.02
771.27
1401.0
1971.8
961.56
1882.15
1523.05
483.89
1779.75
1937.38
1224.52
794.95
1159.61
1719.85
1961.17
769.03
1630.33
1166.4
1645.35
1355.92
1257.23
1896.5
1406.05
1084.79
1477.87
2040.83
1308.55
2089.08
1543.3
1064.51
584.08
134.75
1416.15
1070.0
1397.35
1865.36
1530.61
1128.4
1492.9
1365.31
1235.38
540.5
1417.39
1559.44
1542.53
1783.9
638.09
1482.74
1027.3
949.93
1694.9
1682.22
550.43
1634.77
1337.86
1605.43
1108.38
1830.01
1897.2
1076.21
1341.83
1391.35
1272.24
1576.7
2063.64
1131.37
750.23
1141.53
1533.45
1965.7
1764.4
1809.85
2028.76
1804.43
1942.41
1915.77
1300.56
1491.83
1284.0
985.93
860.38
1267.37
1591.9
1288.58
1471.53
1338.28
1409.46
1690.47
1069.82
1546.08
1773.44
1209.87
975.78
1872.33
936.67
1642.65
1496.55
1887.9
448.75
1379.04
1394.47
776.29
665.66
1685.48
1006.25
995.25
1978.78
1013.88
705.11
1190.57
917.8
1886.52
1151.78
1792.54
1921.82
1221.15
671.33
1631.77
1700.15
1514.17
1795.04
1883.91
1513.21
723.39
1635.35
655.23
1433.24
1672.4
1828.85
606.39
592.76
1487.45
1351.45
1229.81
820.68
1547.4
1625.17
1819.12
1734.32
1919.11
1125.73
1819.42
1250.41
1469.09
1338.44
1915.63
1714.55
1764.51
1058.5
1909.21
1828.0
1401.5
1599.7
1574.51
630.08
778.76
804.45
1415.43
2070.8
1735.53
848.45
1361.5
1184.98
1452.72
1534.92
1720.36
1097.34
1321.03
1317.96
1373.59
1699.79
1445.54
1146.14
1512.22
1588.47
1876.93
1618.25
2073.2
1456.5
1595.87
1813.42
1415.0
1778.43
1957.34
1551.18
1757.3
1650.24
1130.5
1059.42
2110.05
1871.62
1766.44
1172.95
1724.45
960.74
452.45
1303.51
1561.51
1291.45
1168.0
1265.69
1618.66
2072.2
1468.14
1701.36
1979.16
2118.4
1786.1
1629.76
1510.4
1791.4
1440.51
2074.36
1599.37
1025.08
1949.2
1759.68
1996.7
696.42
852.44
1982.4
1771.61
1673.56
2285.6
1607.45
2111.14
1446.44
1893.39
1054.64
1620.09
938.9
1373.95
1997.55
1787.5
1128.69
1681.1
931.05
1826.6
1539.3
759.25
1559.3
1748.43
613.88
1204.94
1610.29
2038.73
1880.78
1331.81
932.24
1155.53
964.5
1217.07
1572.18
981.21
1878.3
1164.8
1377.04
1851.41
1507.08
996.69
1850.27
1524.3
1207.28
1617.69
789.64
1290.54
1243.96
1660.22
723.92
1312.76
834.38
1960.78
809.02
1455.14
1682.47
1748.66
974.65
2060.8
1697.1
1053.68
878.67
1577.83
1628.45
1037.0
1669.1
1643.68
1710.34
1506.0
1685.39
1638.57
929.11
1623.73
1477.41
1611.62
1376.87
1812.55
1750.82
1158.18
1622.16
1093.64
1744.6
1555.36
1278.84
605.35
1256.04
1905.71
1649.78
879.73
1781.53
1297.23
1402.51
1577.44
1357.66
1131.02
493.46
878.1
1730.38
1685.18
1204.46
1184.58
1874.2
1307.96
1428.65
1765.29
1739.15
1100.23
1186.42
1702.24
1605.1
1677.22
1880.57
1453.66
1726.74
1549.7
1711.45
942.6
1743.63
1582.42
1356.22
1485.53
1982.92
768.18
1657.76
1192.82
2027.88
1572.05
1492.87
1692.5
1302.22
2023.11
1580.7
1284.69
1067.78
1425.82
1289.42
1365.37
1748.2
1806.13
1281.88
1194.67
990.8
1121.66
1416.57
1321.66
1782.19
1487.5
1587.85
1037.93
1580.22
1653.75
270.35
2235.2
1360.35
1570.38
1625.75
1707.32
1863.07
1045.18
845.56
1283.47
933.46
1462.82
1852.7
1796.43
587.98
1531.18
1588.3
1654.55
1353.12
1685.19
1243.53
1867.15
1031.76
1391.1
1558.69
1329.01
2129.65
1790.32
940.57
1802.38
798.91
1429.89
1744.52
1742.41
950.66
1355.53
1276.25
992.78
1662.71
800.96
1518.15
1623.35
1688.78
2078.8
1668.36
1524.73
1182.22
965.07
1740.46
1298.83
1639.93
1498.46
779.94
924.32
1387.35
1148.0
1801.48
1377.61
1840.8
525.08
1738.44
1551.75
2034.77
1675.03
349.95
784.66
1538.62
551.2
1147.47
1547.3
1278.88
1517.29
1344.09
1804.66
1275.12
1765.14
996.53
1453.0
1510.7
1240.64
1321.37
1476.8
1579.84
499.25
871.59
850.48
1003.48
1506.78
705.88
1305.27
428.85
1208.15
1354.11
1742.34
1756.8
1755.78
1911.21
1441.65
1882.8
1815.03
1205.43
1448.87
891.58
1161.26
1825.39
1315.54
1939.1
1750.59
1806.48
725.85
1590.24
1099.58
1545.15
1755.17
2019.12
1353.11
1647.08
951.53
1481.69
1389.34
1228.62
1587.52
1329.02
1638.78
1513.21
1207.1
1208.14
1456.81
949.95
1809.3
1136.53
1165.36
1627.5
1373.19
1922.23
1426.62
536.71
1041.18
1590.12
1785.16
1873.5
1511.04
1221.46
1547.09
1677.22
1699.7
1402.8
1149.05
1900.97
1357.84
1527.4
1479.26
1527.6
2012.09
2060.0
1761.87
1210.26
826.5
889.72
1067.45
1577.75
905.21
1716.97
1596.03
977.02
1483.93
1795.93
1468.56
1099.0
1146.63
1477.84
1034.07
1034.81
1426.07
1114.07
1571.01
1221.24
1268.86
1830.02
1102.73
1295.56
1249.92
1177.52
1442.35
1783.7
872.3
1665.1
952.34
528.65
1128.35
907.12
1324.54
1146.79
1683.69
1212.52
1456.47
1053.88
1695.34
997.8
1545.32
1308.51
1673.94
1951.85
1880.8
1576.15
1103.91
542.8
1737.25
1503.01
1429.38
1056.86
1791.4
1519.0
1576.1
1357.54
1288.6
1187.89
1636.18
1748.4
1999.09
1309.11
1460.89
1603.36
1486.14
1710.11
778.44
1957.06
1262.05
1749.57
1335.31
935.24
1797.58
1687.63
1262.74
1988.17
1332.76
1751.98
995.94
1327.79
2059.57
1489.71
1607.48
1837.89
1646.31
1258.83
1942.2
1263.48
1688.66
1525.17
1461.32
1563.94
1872.55
1168.56
836.87
1670.16
1472.04
1259.72
478.9
1372.89
861.0
1100.75
1884.53
922.61
1848.84
1649.26
2046.42
1528.41
1934.8
1431.74
991.42
1574.67
1781.11
1525.55
1420.92
1442.42
1163.97
794.85
1626.29
1470.26
1251.16
1176.81
1531.2
1391.65
1260.26
1643.3
1327.64
1579.67
1794.65
952.23
1944.7
1289.6
1775.14
1059.53
1558.02
1579.35
2028.45
1338.77
1338.66
1940.0
1766.55
1506.84
479.0
1182.63
2001.3
1847.62
1901.87
1251.18
433.1
1714.93
1167.19
1206.88
1385.13
1977.66
1214.73
873.87
1677.02
1172.11
635.6
1474.92
1395.01
1481.86
1541.31
1106.35
1075.69
1206.03
1445.29
1757.2
1200.37
1871.26
1571.77
1032.05
1156.41
1389.29
1752.8
1571.05
1000.61
1584.91
759.59
1532.29
886.36
917.92
1293.58
1625.43
1649.88
1765.75
1435.47
1644.77
983.0
1458.88
1946.25
818.62
1939.76
1213.92
1685.67
752.84
758.5
1376.12
1079.6
1926.6
1304.87
2028.04
1666.35
1317.4
1693.17
1363.01
967.45
1968.79
1624.08
859.21
1159.23
884.52
1097.77
1062.43
1293.31
1465.37
1523.75
1705.82
793.32
972.57
641.58
1370.07
1258.18
1696.51
1024.79
2195.6
1532.43
229.73
1667.6
1023.55
934.67
1125.8
1345.97
994.85
1511.75
1703.02
1680.89
943.52
464.95
1486.7
1199.54
1560.25
1574.6
1320.54
2121.89
392.81
571.26
1750.06
1767.16
791.57
837.71
1127.83
1220.2
1614.45
1396.82
1621.36
362.1
1564.46
956.62
1469.32
1554.48
1789.7
1576.65
1962.16
1849.8
1493.63
1982.74
1400.43
1523.47
855.13
1482.61
1380.39
1109.4
1643.26
1690.35
1497.9
1754.38
1444.71
1692.22
1511.66
968.77
1151.7
1296.33
912.44
1648.3
1791.63
1442.52
1434.23
2249.6
2029.63
1898.34
477.2
984.36
1340.1
2232.8
1432.65
1160.8
1510.82
904.76
1885.4
1752.89
1896.83
1854.11
1476.1
1062.86
2341.6
1697.71
658.55
1280.75
1218.64
1376.51
1474.43
1477.84
1426.1
1442.51
1397.95
1780.25
939.23
806.9
1237.6
1577.84
807.65
1421.42
1855.46
1142.3
556.0
945.3
1336.14
861.65
1561.39
1016.58
1874.66
1657.4
637.97
1630.47
1305.03
1479.29
1330.0
1092.03
1851.1
1552.55
1902.8
2158.4
1669.19
1559.74
1273.18
1221.68
1616.89
1464.5
1796.95
1646.38
825.91
1877.6
1741.6
1757.22
1644.87
1254.93
1107.65
1299.59
985.0
1822.25
863.65
345.85
1183.39
717.71
1020.11
1276.67
1155.68
699.2
734.63
1641.82
1197.98
915.52
1254.62
1687.37
1182.32
1848.53
1941.75
1505.38
1710.26
504.36
1608.13
1542.79
791.65
1343.98
1237.12
1390.25
2035.35
1007.5
1335.85
912.09
1990.97
1125.59
1882.22
912.33
1248.63
1344.72
1591.34
823.52
1364.68
487.7
865.92
1737.58
1837.43
680.45
1987.44
690.25
1183.62
1136.69
1442.53
1734.21
1581.44
1722.52
1827.81
1149.32
515.9
1308.88
1867.76
1829.5
1027.86
1849.02
1847.67
1414.89
1069.03
1549.85
1856.7
965.75
1685.75
1380.0
1609.16
1225.44
1504.33
1578.16
1494.81
1593.54
1679.1
1867.58
1612.63
1290.16
927.78
1380.4
1832.83
730.61
1400.31
1106.94
926.38
1579.72
1562.01
1943.31
1106.72
1039.62
1250.43
1357.73
1945.35
1368.74
2251.2
636.7
1631.73
1471.65
1336.78
1492.22
1869.5
1851.32
1368.25
1162.45
1384.1
1812.94
1740.16
506.89
1851.58
961.28
938.29
1815.75
981.81
1706.19
713.02
1938.94
1860.0
2072.2
2073.22
1407.76
1590.14
1840.36
2118.07
1910.39
1452.9
1029.6
766.26
1514.55
815.39
1725.7
1509.77
1529.2
1995.5
1481.84
1528.0
1458.54
1223.46
1810.04
1821.5
1692.24
768.72
958.0
1009.18
1615.1
1957.77
1720.09
1594.89
1846.38
1281.45
1363.45
1630.4
1813.1
1851.18
1790.3
910.62
1272.9
1019.72
1669.82
1579.45
1638.22
591.6
1400.8
937.6
927.03
1016.33
1259.11
515.57
1157.3
1108.2
1640.75
1020.06
668.57
1285.62
1578.46
712.5
589.75
1430.5
1712.62
1223.96
1753.09
1524.45
1721.26
1643.9
1532.1
1697.9
1144.37
1849.25
1382.35
1349.84
772.45
1002.28
1102.76
1446.22
735.51
1619.45
1745.12
1787.5
1562.9
1431.64
949.63
1614.85
2040.0
1461.6
1375.79
1752.68
877.73
1277.3
1499.01
1595.2
1125.61
1137.08
1918.97
1652.55
1935.07
1246.42
1626.35
1906.78
1719.5
2081.4
1615.47
1663.66
1635.82
1214.05
1582.87
921.73
1602.05
1298.53
1453.53
1774.12
1347.73
1016.44
636.0
1579.1
1656.0
906.04
816.71
961.6
1320.52
1323.54
515.95
703.01
1569.58
1751.98
1533.31
1467.98
1995.94
1718.33
1824.61
1502.02
1402.61
1258.9
1452.74
1126.88
1953.57
646.89
1605.29
777.32
1630.0
1572.7
1307.18
1350.52
846.05
1735.61
1581.08
545.7
1327.68
1243.41
1442.28
1442.84
1408.75
777.19
1565.39
1524.28
180.21
853.59
1877.79
1409.5
1037.9
1041.72
1816.09
669.0
865.32
1727.57
1529.89
1588.3
1619.17
2100.3
1349.16
1518.71
1145.72
1914.7
1645.56
1730.72
1510.05
1914.01
898.74
1676.38
1236.44
1515.28
1731.48
914.02
1222.94
1541.26
1418.57
978.01
1598.98
1668.0
1427.27
872.37
1410.21
1590.87
1534.25
1779.03
1786.0
655.17
259.89
987.25
1582.78
1567.14
1784.1
1524.7
1459.51
1895.97
1832.96
1562.16
779.91
1785.21
1499.64
1543.1
1987.77
2041.51
1334.13
1668.58
1267.0
1195.98
1357.31
1116.6
1541.74
1649.91
1855.5
1324.41
1451.37
273.05
1864.4
1586.31
1381.58
680.4
952.7
1911.15
1700.74
1724.4
915.93
1706.17
1126.06
1028.35
1759.38
1297.0
1070.71
663.71
998.05
2036.79
1725.19
1468.21
548.71
929.47
826.89
1052.75
1801.23
957.87
1512.45
1212.19
1374.02
1376.85
1713.78
1087.89
1219.14
1722.48
1979.07
422.47
2047.78
1447.72
1882.8
2076.93
1008.1
1191.04
723.97
1675.2
1632.04
1027.0
1156.01
1617.39
635.76
1051.09
959.42
1570.72
1665.14
1879.01
811.25
1091.85
1290.11
1449.55
1990.8
842.96
1855.4
1181.07
1508.0
501.75
1622.87
1876.61
1825.82
1572.82
729.2
1565.83
1274.3
1947.15
1441.82
1656.05
1578.3
602.94
914.52
877.3
1056.19
1400.31
1443.6
1699.48
1584.36
1488.52
1533.65
1359.38
1263.8
1496.11
1797.3
1072.68
1888.0
1444.08
1588.84
1479.68
907.09
1268.83
2038.0
1390.36
779.1
1406.5
1894.78
1777.25
1559.55
1478.47
1798.65
801.76
1349.24
1617.8
1653.52
967.95
1579.67
1087.05
1666.83
1794.54
593.37
1531.28
1793.56
2008.74
1485.96
1361.72
865.46
1207.53
2009.24
1102.03
1821.9
1293.5
930.69
1509.8
1648.28
1215.08
1838.52
1445.76
260.05
990.04
1834.3
1861.5
1637.52
1567.38
1796.57
1144.41
1506.38
1470.08
1727.35
1382.25
1652.72
1280.84
1682.68
1072.95
1520.81
1444.3
1369.28
846.55
614.0
1700.32
963.28
1921.79
859.34
1139.32
1667.94
1575.29
950.23
1203.02
1756.96
963.64
1946.16
1187.23
909.79
1644.8
1241.68
1659.62
1841.26
1289.88
1882.29
1874.75
1802.0
1003.67
414.3
1049.02
1457.88
1724.15
804.26
1557.36
1748.76
1271.91
1515.12
959.03
607.61
1592.7
606.84
124.89
1016.48
1720.21
1659.36
1631.5
1812.79
1590.3
1818.76
2081.21
875.38
1569.2
1587.9
1064.29
1281.4
1534.94
1669.66
1219.83
1820.44
1181.41
1575.52
1653.16
1285.51
1386.85
964.59
2052.22
1112.12
1662.72
2184.4
810.74
1852.59
115.61
1964.0
1084.41
1661.17
1728.5
789.6
1902.6
1894.57
1640.75
1593.5
558.75
1631.67
1662.01
1585.67
1286.9
1930.4
1024.7
1743.81
1738.79
1009.24
276.91
1977.75
512.4
206.05
1232.87
1230.26
1579.35
1727.55
1805.3
1730.35
1479.29
1189.09
1709.95
1194.89
939.41
1790.04
904.06
1555.47
1250.95
1359.61
1766.15
2119.76
1517.98
888.3
1361.0
1419.48
1913.85
1009.27
648.4
1232.87
908.91
1480.56
988.14
1511.82
1500.76
1737.04
1011.95
1827.5
908.31
1954.2
1908.0
1857.22
1168.51
1171.65
1116.55
1880.43
1236.47
515.45
1509.87
1046.19
824.08
638.8
1035.29
498.2
1923.0
1717.12
1573.72
1454.06
1365.92
540.35
1627.33
1805.12
1388.3
421.5
1666.85
1560.95
630.65
1202.35
925.03
1089.15
1271.45
1832.48
1092.75
536.74
1015.54
1983.89
1749.3
1899.27
1767.69
1373.76
1530.75
1793.76
1135.56
840.04
1235.14
1708.32
1369.66
1717.12
1140.26
1606.1
1781.86
1592.71
945.55
1829.61
1923.14
1555.1
1613.24
1464.48
904.47
1844.35
1405.29
1239.81
1645.77
1867.09
1389.48
686.37
1314.7
968.53
1056.81
225.15
1577.1
1795.46
1679.53
1467.09
1400.38
1769.26
1851.36
1545.86
1216.42
1373.88
784.31
1967.98
1674.4
1270.69
1876.7
1194.78
1557.62
1792.0
1332.43
926.29
762.87
1656.73
1984.62
1591.55
1241.67
1426.35
1043.89
1259.04
1958.98
1454.28
1800.11
1475.32
756.54
1813.68
1279.23
1425.45
1011.92
1561.24
1012.12
1060.14
1412.04
1341.94
1584.79
1260.33
1855.46
1045.04
1098.64
808.45
1819.82
1903.3
1599.78
1241.09
985.7
1520.38
733.62
1812.83
809.67
1834.4
843.69
1668.2
431.55
1512.38
925.43
628.0
366.5
1733.43
1802.38
691.17
1267.43
2032.0
1962.56
1384.28
1835.43
1251.79
1731.61
1551.36
1503.73
2069.0
1117.91
740.85
1961.66
1544.5
1362.76
1825.62
2218.53
1512.75
1533.91
1597.93
1569.62
1425.57
1530.88
1345.98
1687.55
1314.72
1841.23
1554.07
1384.45
1577.74
2139.06
1389.69
1997.15
926.77
1539.89
1581.36
1687.55
1811.78
760.14
1227.36
1225.41
1929.01
1747.86
1238.28
1715.28
1575.41
1601.19
1724.08
889.12
848.06
1708.5
321.6
2098.82
1774.1
1991.77
1693.9
1549.4
1701.0
1600.12
1862.39
105.17
2013.55
1369.12
985.05
1869.82
1229.09
1349.38
1808.25
2045.05
1518.1
1702.73
1427.97
1404.55
1938.07
982.87
1147.12
1243.63
1292.33
748.63
903.04
843.48
1739.53
759.71
1579.86
1028.46
1636.77
1693.82
1858.6
1715.08
1687.74
1561.0
1322.91
1363.48
1702.5
927.42
388.65
1434.09
1605.78
1687.03
1897.7
1919.04
540.8
457.15
1644.83
957.62
1952.17
1189.02
2018.61
1040.78
1753.17
1338.98
964.27
1329.45
1396.56
1941.87
1368.72
1712.7
1592.43
1520.93
1549.48
1544.25
1800.67
1801.0
1572.28
1205.11
2088.53
1119.59
895.1
1615.92
790.05
1456.8
966.47
1302.3
1227.56
1695.11
1239.98
1736.21
1435.32
1200.26
1384.45
636.52
1608.32
1340.07
2013.7
1771.08
581.74
729.8
1549.68
1863.59
874.53
1736.94
861.88
1354.61
1328.16
766.58
2073.4
1195.47
843.78
1826.42
1550.75
1345.65
1213.9
702.9
1765.12
1614.29
1931.88
1568.32
1589.5
1945.97
882.52
2029.3
1724.66
1473.47
1930.0
299.1
1668.46
1363.95
1729.05
511.41
837.76
1977.32
1550.58
1290.52
743.42
1540.4
1877.75
1673.95
1462.4
1598.07
1696.08
1223.01
1650.65
1863.59
1612.88
956.54
1148.96
954.91
1738.56
1879.14
1633.59
1903.0
2081.27
2012.61
1518.34
1586.44
690.0
957.91
1378.41
870.65
1553.09
1368.12
1805.76
1026.64
1706.11
1658.75
1547.38
1668.17
1554.91
1924.63
501.55
755.76
627.34
1220.3
852.73
1963.55
1478.1
1955.6
1658.3
1038.34
1355.05
442.24
805.65
1791.13
1488.05
1981.33
855.75
836.68
1619.01
1136.57
1490.7
1074.14
806.0
1512.0
1402.73
1780.33
1041.22
1457.78
629.56
694.62
1660.69
1435.53
1807.25
1395.57
1759.6
1357.55
1970.83
1947.92
1309.25
1794.0
1780.37
1647.5
822.85
1362.58
1831.9
350.93
1739.83
1957.95
1225.09
1548.26
1286.96
1810.3
1319.73
1490.01
1689.78
1278.22
702.8
1776.46
1580.13
1619.43
413.77
1141.86
1903.97
601.5
1743.1
1667.77
1149.21
1369.0
1820.06
1578.43
827.65
1888.34
1276.69
975.56
1570.69
1640.58
1242.46
1034.01
2260.0
1521.31
810.45
1735.06
1657.75
1528.84
994.23
1656.53
1070.24
778.62
1162.68
1264.11
524.78
1620.64
368.85
1833.77
1452.13
1669.42
1620.18
1745.59
1659.54
1597.11
400.35
711.06
1579.66
1662.65
1286.45
1848.95
1803.51
1520.72
1369.88
1263.66
1404.98
1538.63
361.03
2050.14
1498.51
806.58
874.23
676.67
1869.81
1302.83
1316.47
1873.6
2084.76
1272.09
1624.94
1501.83
1139.2
1856.98
1529.85
1535.75
1580.89
1599.86
1959.91
1431.35
1747.12
1137.83
1007.76
1632.46
1874.25
1125.42
1116.65
1723.34
1249.3
1641.84
1696.22
1637.54
1692.79
1146.94
1502.42
1167.24
1910.39
1111.2
1854.3
1639.15
1589.07
1969.78
1387.31
1247.56
1601.4
1474.13
1211.79
1014.6
1115.44
1536.15
1317.03
1659.87
1789.63
1127.06
1047.72
896.82
970.1
1844.64
1767.4
976.48
1898.75
1118.71
1457.62
2338.0
1858.1
1535.47
1890.21
1698.8
974.72
418.35
1235.34
1907.6
1908.77
1650.53
2061.2
1791.55
1662.37
1038.21
1001.77
1108.86
1651.66
1342.53
1660.72
1222.23
1453.91
1570.12
788.34
2049.26
1501.4
1809.02
1970.34
966.22
999.07
1491.87
2008.63
1698.15
1657.38
1105.14
2054.7
1965.23
1943.28
934.68
1658.8
1856.13
348.6
501.95
1034.23
810.45
1384.91
1237.3
2094.56
894.39
1436.11
1322.85
1055.56
1464.39
1324.92
1355.5
1103.63
1648.53
1731.35
1512.05
958.53
2117.0
1300.75
1494.42
1103.66
1270.68
1714.54
1120.28
1184.58
431.8
627.1
1463.0
1075.86
1734.45
1555.72
1465.75
2055.4
1650.03
1932.48
1879.36
1605.58
1662.52
1800.4
1480.23
1839.68
1838.41
2043.37
1406.91
1970.77
1567.87
1696.09
1948.98
1154.73
1178.91
1938.7
1924.53
1425.69
1056.29
1562.03
2191.6
1875.82
1718.47
1547.6
2062.6
1060.5
1772.85
664.52
1017.79
1484.71
912.19
1360.6
1783.7
1841.42
1754.91
1434.02
1014.76
1114.9
1401.09
2145.85
1733.31
1341.55
1509.02
1452.63
977.01
1583.51
1330.31
1475.02
995.61
1634.53
1811.14
2018.25
1890.06
1521.29
993.38
1821.0
1288.0
1723.9
1121.62
1703.1
931.04
1215.18
1095.17
1546.5
1313.01
1796.19
1054.8
1618.05
1832.18
1755.88
2178.4
1706.84
491.6
1214.03
877.04
1549.86
1964.87
998.43
1680.33
1845.17
914.38
1289.07
1985.54
2127.06
1608.68
1561.64
542.81
759.12
1326.01
1414.15
1310.47
1513.53
1768.26
1497.45
1370.17
1652.68
732.6
1706.0
1968.03
2004.4
1810.4
1686.44
1594.84
1133.56
1066.43
1700.0
756.55
1218.81
1405.57
1866.91
1052.0
1718.2
1984.26
988.64
1818.72
848.11
1105.46
1720.3
1390.78
1724.48
2016.1
1768.06
1062.47
1468.0
1009.7
1359.97
1712.1
1138.21
1607.12
1576.53
1210.84
985.19
1627.83
1109.9
1767.6
1081.84
1048.24
1605.94
1255.68
1008.42
986.36
1662.42
1122.29
571.2
628.9
471.0
1283.48
1826.07
644.57
1532.44
1541.67
1638.78
1949.65
1734.16
1872.15
1054.62
1453.16
2003.2
1576.09
1713.37
1392.32
1486.16
1381.29
1379.35
796.45
1025.11
1609.28
1591.5
1749.08
1377.06
1771.29
894.3
852.86
1284.52
2073.12
1269.5
1080.61
1083.06
1071.42
1569.64
584.8
1007.37
340.25
1617.15
1025.5
732.24
1697.64
885.65
1872.0
1266.69
1612.5
1636.02
1079.73
954.64
1860.95
1770.38
1938.17
850.84
1132.03
1100.8
1622.48
734.61
1470.38
1521.51
1520.78
1732.87
1339.39
1261.24
1711.62
1899.97
2006.47
1847.4
1673.78
1693.11
1645.62
585.6
1588.54
859.79
1884.62
781.68
283.4
674.36
1112.58
1614.57
2035.65
1085.73
1488.18
1239.69
787.81
1347.53
1540.65
1490.41
1337.0
2100.61
591.7
1591.82
888.29
2152.45
1011.75
1451.48
1034.27
1860.33
1419.14
1220.74
1968.84
1571.54
1260.07
1705.13
1556.45
1515.07
2214.8
1806.3
1018.0
1714.51
1478.24
1534.34
1053.58
1663.19
1192.14
1616.79
1573.81
1807.97
1902.15
2108.88
2043.77
866.7
1290.02
1665.8
1508.85
921.68
818.43
1143.51
1911.2
1314.34
864.68
1890.98
763.92
1571.31
1759.87
1694.38
415.55
1015.4
1596.63
1806.3
600.15
926.12
1774.32
1834.36
1652.2
1778.59
1394.87
418.75
1934.8
1557.46
1018.95
1979.39
1422.74
1865.72
1007.16
1905.85
1668.94
2031.97
1912.03
766.51
1517.28
1077.03
1686.3
1727.86
1452.77
1614.24
1364.84
1798.56
941.33
845.97
1195.53
1116.18
2102.09
1258.2
1971.45
1230.81
1356.95
1410.05
1484.62
1423.09
1147.6
1980.4
1935.11
1277.05
798.25
1254.23
1252.17
2264.4
799.5
1982.5
1360.83
1998.8
1259.35
1940.72
634.4
1596.2
1320.37
1149.35
1416.7
826.69
739.58
1796.14
1257.93
1841.22
1507.05
1573.03
1638.42
1651.51
1418.96
1490.07
2157.43
1832.67
1480.83
1047.53
990.71
1754.54
1559.28
1543.03
868.32
1241.55
1693.64
1534.8
1979.23
1857.76
1147.48
1540.4
1652.8
1678.55
966.32
1758.79
998.12
1647.52
1645.52
1546.47
1202.52
896.04
1178.82
1702.69
724.88
1640.69
1627.24
1765.05
1823.1
1226.91
2067.97
1597.76
1876.31
1679.74
430.25
1155.26
1349.7
1829.9
1546.81
657.61
1455.36
1372.39
1594.34
2000.4
1436.38
1716.38
1853.01
1307.65
1516.09
1970.13
1549.36
1420.0
1394.79
1270.89
2025.64
1160.64
1441.2
1407.83
1727.89
1275.28
656.4
1446.86
1800.69
1143.55
1394.61
1517.94
1369.83
1408.92
770.0
744.25
1489.17
1638.75
1370.13
1392.07
1935.47
1405.95
1998.7
784.61
1451.29
978.6
1389.5
1423.84
887.33
698.87
1362.46
841.23
1871.35
1242.67
1412.11
1795.22
1342.85
1601.69
1416.55
1220.67
1323.2
1329.06
921.15
1521.91
811.91
671.32
957.31
642.15
2242.2
1776.46
1180.96
1357.04
403.35
1007.13
1552.01
1295.7
1233.64
1985.94
780.85
1359.56
1571.45
1760.52
1692.72
1629.66
1638.93
1276.27
1900.32
1725.11
1619.84
1310.65
1418.28
984.19
1656.2
1260.23
1198.32
2073.11
1731.97
1635.07
1310.23
1714.55
1039.23
1148.48
1964.25
1363.32
1558.89
426.45
1101.88
1720.64
1148.79
1552.67
1740.94
1838.13
272.52
1318.28
2334.8
2004.55
851.25
1368.41
1238.18
1906.45
1749.7
1988.0
1421.77
1676.18
780.35
1475.58
875.65
746.85
1407.27
241.3
1731.97
632.0
965.57
1733.05
1388.28
1867.45
1260.08
1857.45
2032.2
1106.48
1915.71
1514.1
1842.14
962.52
819.55
1374.56
1839.3
1552.65
826.0
1719.19
1944.5
941.6
1322.71
975.87
1690.55
1690.29
1359.21
2042.0
1666.46
1627.98
633.89
983.69
1818.3
2208.0
1646.86
1921.48
972.35
1354.75
1611.67
2003.46
1319.08
1091.65
1620.66
1742.32
934.23
1769.2
1335.6
1886.03
1701.17
1167.69
1332.6
1496.0
2121.04
967.85
963.46
2098.4
1827.9
612.25
1505.41
1460.96
1827.43
1519.73
1953.53
1565.68
958.93
1636.89
1502.01
1576.52
890.85
1661.06
1082.57
1103.02
1259.0
1519.19
1773.41
1572.6
1080.11
1537.05
1490.7
1242.74
1559.34
1945.79
1523.0
1529.85
1577.19
1315.18
2025.2
1301.29
1673.54
1750.0
1103.11
1444.16
1314.61
1217.37
1738.06
1713.09
1762.47
1467.53
1661.53
1807.56
736.04
1445.6
682.8
1624.78
1630.54
1944.91
1384.15
624.66
1336.88
1363.98
1205.74
1357.79
1766.16
2034.91
1313.14
1857.22
390.0
1377.7
1051.94
1606.1
1030.24
1135.38
1466.52
1532.24
1283.34
769.72
1606.77
1279.46
1314.0
1841.79
1775.5
1445.76
1871.5
1686.87
1226.18
1338.55
1251.39
1425.72
1366.88
1894.42
901.87
808.45
1857.85
769.78
1884.15
1773.57
1412.31
1125.14
1658.61
911.98
1957.82
1854.8
705.17
1811.25
1098.8
578.5
1355.24
724.63
1967.07
1744.62
1657.38
1554.03
1693.56
275.7
1939.68
1253.77
1258.45
1713.68
910.74
864.35
1911.18
903.5
1126.82
1664.71
686.79
1594.23
649.2
940.15
1401.4
1625.22
1399.98
1633.27
1521.69
1236.21
1986.06
1576.34
1735.87
1522.73
1554.61
1517.01
610.0
1710.95
1680.88
944.45
868.41
1105.0
1455.63
2028.46
1252.45
1979.19
1301.17
1336.64
1698.64
1181.87
2023.6
900.9
1372.87
1363.75
776.95
1960.41
1155.91
1345.07
1846.43
1313.4
986.4
1891.1
2029.68
1448.41
1591.3
1263.48
1118.43
1285.94
1904.62
1515.26
2026.16
1552.2
1141.67
1299.7
907.87
1762.01
1603.54
1062.27
1742.11
1875.91
2308.0
1011.97
1878.7
1574.91
900.62
286.95
1555.78
1208.67
1131.1
1329.91
655.73
1767.84
1472.64
1293.1
1762.0
1599.8
1211.58
1137.3
1497.45
1198.35
1279.69
1541.01
688.83
1029.07
825.46
1142.93
1619.58
2046.4
1705.9
1912.45
1256.78
1694.67
1497.44
989.23
1217.16
1833.82
926.61
1669.19
1526.54
1660.46
1446.26
1324.86
1478.32
1687.13
1137.76
775.81
1653.62
1411.9
1133.85
1192.48
1279.65
1181.76
1709.89
1462.13
1386.02
1871.11
1443.66
1523.71
241.95
404.85
1533.93
1488.56
1109.75
1558.87
1112.14
1190.73
729.08
1303.12
1382.84
2191.0
966.03
1589.89
1416.62
750.01
1616.11
1337.96
718.98
1424.17
1815.9
2013.83
1130.92
1843.2
1296.66
677.72
1707.19
2049.2
1105.32
1770.25
1241.88
2188.4
781.25
1678.86
905.28
1227.97
867.15
1326.78
1493.85
1390.83
1316.2
1780.47
757.23
879.74
1387.68
1312.68
1580.79
1943.87
1478.35
836.64
1445.87
1273.56
861.61
1691.15
922.1
1359.51
1396.53
1551.51
1394.28
1704.16
963.53
772.31
1596.15
1586.97
1708.2
1103.38
996.67
1945.22
1154.56
1273.6
1568.04
1619.85
1031.55
226.0
1917.37
1231.76
1834.07
1391.86
1391.3
1033.92
2123.15
1689.58
1845.63
1761.97
1553.74
802.85
1987.27
1800.96
1312.9
1658.8
1930.1
1874.47
1394.45
1937.7
1618.58
843.47
1653.1
1191.18
786.72
1005.52
1568.13
2065.2
1194.95
613.83
1574.16
853.95
1699.98
1339.76
1332.21
1554.35
1556.1
1490.94
1150.94
1866.18
1289.43
1357.8
1233.14
1501.47
1575.7
1611.53
930.15
1282.82
1218.94
1994.13
1146.57
1506.72
1386.38
2192.4
1865.57
1103.9
1619.35
1373.15
1749.32
1349.04
1459.04
1474.75
1821.09
1357.97
891.79
1537.24
1132.18
1011.39
2091.6
1239.22
1898.55
1179.67
1583.1
1174.41
1866.13
1903.13
1796.62
1612.38
1563.03
1688.7
901.54
1632.65
869.66
966.98
1327.16
1030.13
849.16
1949.94
1422.16
1419.93
1411.01
803.68
1545.57
2102.88
1922.3
606.67
930.45
1087.41
1566.63
1365.38
1498.8
1673.36
1417.25
210.5
1539.1
1771.7
1254.86
1535.24
1095.43
1768.53
1662.08
1171.51
689.47
2286.8
969.86
1628.65
1581.9
914.22
1659.35
1388.39
1602.87
2169.09
306.3
1094.0
144.03
1621.56
670.66
885.09
1704.75
1709.06
768.58
1331.38
1477.55
1949.52
1709.47
262.08
1584.42
1276.92
1895.09
1120.78
1769.73
1915.97
1809.98
1493.05
1474.53
1017.01
1704.01
843.6
1339.74
1517.46
857.65
1295.81
1650.59
822.39
1734.1
172.75
1677.58
1584.7
1155.03
1217.61
781.89
1833.42
1251.5
1378.64
1523.35
1266.94
1597.5
1459.24
1016.3
1451.28
1685.51
1461.56
1548.95
1180.29
1858.43
1815.8
1308.92
1274.8
637.04
1474.86
752.59
579.6
1167.48
905.45
1805.53
1489.32
1095.59
1664.54
1207.21
1751.62
1102.43
952.54
1153.55
851.38
1102.25
1182.12
1338.59
1962.84
939.07
1127.81
1214.41
1631.36
564.68
1390.35
1605.77
1238.72
1986.75
2063.57
899.38
1331.33
1212.09
1469.39
1340.14
1181.47
1459.83
789.14
1856.4
1331.12
1730.5
1239.59
826.6
2155.0
1443.69
1859.18
1222.4
1465.36
1862.2
1227.43
1189.48
1173.17
1542.53
1226.88
1319.5
1421.17
972.15
1592.53
798.45
1527.75
1238.77
1577.13
2013.75
1567.12
1048.47
1943.8
1265.71
1530.07
1204.29
1448.58
1246.4
1227.97
1619.23
1630.98
1541.05
895.52
1216.43
1777.6
1707.58
1647.32
1362.91
1772.7
1712.61
1773.16
1585.25
1440.3
1379.05
1743.7
1811.86
1138.91
1675.41
1479.12
1439.45
598.46
1155.58
2020.41
1000.28
1601.71
1815.8
1686.6
1257.65
1087.13
1389.85
2073.09
356.1
1280.95
1141.85
1494.97
1629.05
1245.38
1336.31
659.0
773.78
1166.64
1707.77
2178.4
1778.92
1685.54
1403.65
1650.78
1703.24
1893.95
1104.5
1755.05
526.3
819.8
1097.94
1462.18
1163.18
1529.73
1303.1
1413.25
1605.8
1808.52
1606.13
1583.91
1654.95
978.37
1644.57
1942.0
1684.04
921.15
1005.47
1632.46
1287.87
1507.36
805.72
1054.21
1532.3
1788.72
1106.75
1071.57
1007.8
1599.89
854.07
1215.48
1106.68
1598.95
1452.6
1439.85
1618.83
1071.45
1128.33
744.27
1416.31
783.63
976.33
1798.32
2261.2
1400.56
2181.2
1000.97
1384.06
1216.47
1146.12
1153.14
1056.76
1539.5
1459.85
882.53
1412.61
1997.89
1501.63
1153.66
1778.38
1417.67
2024.71
1228.58
1109.5
1308.18
1629.01
1419.65
1336.02
1542.64
962.41
423.55
1552.46
1249.64
944.48
1086.16
1422.38
1088.19
1548.68
1596.4
1036.38
1277.67
1939.48
1996.36
1591.5
1983.43
1395.58
1227.64
1596.88
2101.4
1519.72
1781.43
1847.75
1685.06
1874.07
1055.44
1466.56
1297.52
1263.31
1983.47
1369.93
1328.84
1579.54
900.09
1730.1
1264.75
1258.38
1174.3
2022.4
1618.39
1567.45
1768.35
1586.78
1610.93
1018.39
1474.17
1274.8
1451.16
1582.3
1097.95
1308.17
1721.68
987.19
1472.09
969.94
1903.73
1989.28
1287.3
1145.39
863.5
1624.71
778.33
1274.65
972.55
1400.85
1653.26
1831.6
1864.95
1457.88
1801.15
897.4
1030.09
1849.15
1592.7
1419.54
1503.39
1695.68
772.45
1962.4
1543.01
1026.45
1830.59
2276.4
1862.39
1948.03
1381.94
938.59
1695.25
1047.8
1376.5
1635.18
1126.87
456.75
2054.0
1500.34
919.69
1369.15
1373.68
1180.92
1338.8
1941.1
1106.83
503.75
1383.25
1692.5
905.45
739.66
689.53
1781.45
1553.47
1402.85
1515.38
1086.14
1823.5
1803.18
1372.23
1580.51
2118.8
1393.98
1280.07
1392.43
721.3
923.15
1644.22
1620.46
1578.2
1615.38
1165.58
1674.13
1815.8
1615.37
2023.29
1606.75
1601.26
1588.81
2118.42
1796.9
822.85
1122.9
786.46
1994.66
933.78
1524.75
1795.26
1653.58
906.17
1558.98
1462.14
1501.95
1048.13
1361.62
1910.17
821.25
1625.15
1241.04
2047.17
1447.36
977.75
868.45
1267.01
1462.05
1571.31
1677.9
1283.4
1625.01
1280.33
1567.71
1518.68
1929.97
1206.84
1716.79
1645.32
1863.2
657.81
748.44
1970.06
851.88
1062.41
1216.45
1075.22
1732.82
1690.0
1583.57
1646.73
1606.47
1269.83
1919.44
1694.16
1298.95
1488.19
1556.98
1588.95
814.45
1193.13
1701.88
828.45
720.33
1638.05
2037.84
1116.55
1591.67
1971.92
549.68
848.11
1415.28
1323.7
1373.05
1708.3
1566.73
1056.81
1104.73
1813.7
1134.59
1167.84
1508.55
1512.38
1537.86
1448.48
1689.78
996.98
1322.35
1777.58
1817.37
1892.0
1182.74
564.0
1195.62
1505.4
974.96
1019.66
1654.16
790.58
2120.36
1285.88
1614.7
1903.28
1654.16
981.35
1624.18
1548.61
897.25
694.4
778.9
1064.0
1764.24
1635.17
774.52
1356.09
1520.6
1654.95
1549.4
2028.6
1887.72
1719.14
1366.89
2098.4
1119.4
883.87
474.05
1589.1
1606.51
1189.57
1694.73
1543.91
1886.3
2006.77
1559.88
1403.76
868.23
1193.15
1705.51
1778.18
2044.4
1261.6
842.27
1663.27
1425.39
962.01
1573.15
1100.54
1795.48
1138.92
1045.94
1380.27
455.85
1535.0
1630.92
1679.0
1395.25
1094.15
1134.17
1301.68
1200.24
727.43
1564.58
831.17
1635.35
1254.66
1785.2
953.85
1766.81
1864.2
1788.88
1628.53
1873.8
1440.66
1766.91
381.29
1283.8
2175.6
1172.5
1245.52
1488.82
1510.59
363.0
1531.42
1702.91
1287.85
1988.25
1757.35
453.97
1480.78
441.51
1508.74
1545.34
1576.7
1285.33
1760.37
1845.47
585.7
108.07
1301.9
1193.67
1417.39
1331.75
979.25
1812.3
1138.4
1882.48
1635.46
864.47
921.47
936.65
1618.76
1714.79
960.14
1917.17
1400.65
1225.42
619.0
1078.19
1430.23
1541.03
961.76
1405.02
803.24
1876.21
778.72
1059.56
1544.7
1478.98
1831.32
1453.53
1373.27
981.51
1818.27
793.5
1596.2
1132.56
1473.38
1435.91
824.85
1469.55
1333.15
1584.05
1405.89
1899.86
1953.67
1805.37
1036.06
1791.58
1175.01
1475.15
2005.6
1578.45
1579.1
966.29
1289.18
1456.46
1500.68
1420.25
1764.43
1804.8
913.96
1494.09
1608.15
1719.76
903.23
1251.44
1045.14
1442.32
2162.8
781.25
1939.75
1605.2
1236.67
841.18
1575.1
1156.98
1583.93
741.97
1140.2
1063.43
1334.13
1811.35
1870.69
794.09
1783.0
991.41
799.65
1379.09
1305.03
922.79
1455.24
1545.87
1236.58
1597.08
1141.01
1024.06
1381.82
1677.68
1232.06
1357.04
1029.32
393.47
775.7
1437.47
1429.03
1236.69
956.31
1355.28
974.24
801.41
1673.22
931.32
1058.13
1358.44
1587.95
1738.56
871.1
1625.22
1430.81
1573.95
1215.73
1854.92
1439.7
1567.21
2040.47
1258.47
1634.08
1483.69
1670.8
868.92
1233.75
1598.86
1120.43
1706.01
1947.55
1688.39
1911.58
1595.82
1345.89
1710.21
1578.3
1426.86
1239.44
1140.7
1648.34
1911.7
1748.14
1914.74
1193.1
883.91
1533.11
1783.45
1621.39
1836.44
539.6
1465.53
648.98
1467.55
1795.08
1476.68
1520.46
976.77
655.97
1652.02
1619.78
1266.69
1486.63
1368.38
1925.5
2002.64
745.95
1271.87
1693.42
1013.38
1306.44
1530.15
1432.6
1155.38
784.06
640.75
1871.06
1237.82
1630.54
1701.72
1424.15
1611.45
1880.9
865.37
1096.31
1460.44
1431.16
1238.46
673.02
1755.69
1483.46
1312.38
535.08
1274.25
1411.67
1275.56
1146.67
2040.83
1046.65
805.56
1078.38
1133.26
1876.94
969.6
855.36
1862.53
1828.83
1766.68
1309.55
827.22
523.6
1614.98
1421.27
1837.71
474.87
1618.51
1682.55
1638.16
1482.37
1965.23
1053.36
678.87
1548.91
1677.45
1920.98
1126.68
974.16
1582.42
1341.76
807.12
1923.1
1252.76
1318.79
1659.06
923.94
1132.06
1392.55
1935.25
1352.22
645.08
1478.24
1212.07
1494.26
1723.66
1124.84
1647.82
1503.1
1891.09
1988.85
1492.05
997.24
1475.24
2098.9
1221.78
1338.94
1657.19
1177.5
1194.19
1446.13
862.45
1395.7
955.95
1351.68
1265.82
1273.77
1511.26
741.6
1470.96
2085.6
984.16
1965.91
1102.7
1293.53
869.68
1675.85
2047.63
1567.67
1498.14
811.25
1092.13
815.25
1465.34
1105.17
1966.95
1581.28
1727.3
1008.25
1295.64
1434.69
1798.58
811.25
1159.31
1616.16
777.53
1780.0
1798.62
1801.54
1826.28
1658.4
1347.44
1813.51
295.05
1308.69
1150.41
1369.26
996.37
1896.17
1446.97
1212.76
1032.98
1531.86
1045.53
45.24
1053.54
1175.15
1897.6
2094.8
1726.87
1670.54
2038.5
945.5
1601.19
1135.87
1341.18
1484.21
1056.5
776.59
1797.4
1292.0
755.33
1433.72
1739.9
1409.56
2034.7
1823.4
1331.6
2062.8
1606.66
1640.79
1728.38
933.17
1480.65
739.19
1127.96
389.1
1724.09
1409.23
1657.7
1458.17
1197.27
1082.69
1203.05
848.14
1717.32
1756.54
1563.87
2062.07
1702.59
1130.51
1819.84
898.89
1020.55
981.52
1640.25
1174.63
1282.0
889.76
1878.32
1712.95
1605.65
1376.07
916.6
1827.93
760.09
1128.45
1526.55
1243.93
1133.6
1279.0
1315.81
1220.96
908.05
2179.8
1749.44
738.4
1804.41
1503.01
1684.85
886.4
1744.53
1445.8
682.42
1348.37
1653.16
249.6
1226.1
1353.69
1502.9
1581.06
1642.6
1380.59
1686.56
1949.89
851.2
1648.61
749.83
1493.7
1435.66
1019.87
2073.6
1687.5
1724.34
1636.67
1615.63
1791.77
1339.87
1810.35
1505.66
1409.83
1312.0
1748.95
438.9
880.69
1130.0
1124.4
1614.43
782.61
1164.9
1901.93
1476.06
1211.79
330.15
1259.81
1296.45
986.7
948.65
904.93
1719.88
1504.3
2076.51
1587.43
1749.09
1075.06
1628.78
1706.51
1625.86
1705.87
1937.0
946.4
1534.54
1420.07
1249.72
2360.8
1931.17
1612.71
1062.17
1406.98
698.14
1193.93
1115.51
1736.53
1467.28
1338.54
1502.86
1651.59
2116.8
1865.18
139.39
1249.6
1444.33
1457.7
610.0
1440.68
1361.95
867.14
1054.59
1981.41
1686.2
1594.3
1792.0
2078.55
1581.97
1194.64
1519.05
1466.65
1356.65
373.9
1857.88
1917.17
1403.97
1426.6
1884.84
986.54
595.68
770.48
1649.43
1003.62
